20
11 4 6 8 9 10 11 12 14 15 18 19 
11 2 3 4 6 7 8 12 13 16 17 18 
8 1 3 9 12 13 15 17 19 
12 1 2 4 6 7 8 9 11 14 15 16 18 
9 0 1 3 5 7 10 13 15 16 
9 4 7 9 10 11 12 13 14 18 
15 0 1 3 7 8 9 11 12 13 14 15 16 17 18 19 
10 1 3 4 5 6 8 12 17 18 19 
11 0 1 3 6 7 10 11 12 13 17 19 
9 0 2 3 5 6 11 12 14 17 
7 0 4 5 8 11 12 17 
11 0 3 5 6 8 9 10 12 15 17 19 
13 0 1 2 5 6 7 8 9 10 11 17 18 19 
10 1 2 4 5 6 8 15 16 17 18 
9 0 3 5 6 9 15 16 18 19 
10 0 2 3 4 6 11 13 14 16 18 
8 1 3 4 6 13 14 15 18 
10 1 2 6 7 8 9 10 11 12 13 
12 0 1 3 5 6 7 12 13 14 15 16 19 
9 0 2 6 7 8 11 12 14 18 
